20
1000000000 100000
99999 1 99999 100000
693840425 90561
2 6 7 999957328
73 26
5 8 4 54214
1000000000 100000
999999999 1 999999999 1000000000
1000000000 1
12 7 74 12
45068754 29153
2 9 5 999904402
232959116 56689
4 9 1 999903057
110 53
7 7 1 64417
78 51
3 5 5 51230
714311129 39521
9 5 9 999998192
198 81
8 5 7 83495
249718282 93729
1 5 6 999917908
164 96
76 2 193 164
97 39
34 37 656 97
46 18
7 11 9 46
218492221 46085
3 7 1 999969453
28 21
6 5 1 85919
66 39
35 2 589 66
640834505 28785
3 9 1 999946125
254 99
1 8 9 74990
