20
39843 39881 20522 20114 3 11897 5279 74 89 96 58
36402 39273 278 35 1000000 11371 25106 51 98 33 54
5726 4567 144 121 1000000 454 3685 99 81 46 52
196 827 117 730 108 131 477 41 72 11 66
14 15 12 4 4 3 5 84 74 53 68
4718 7077 134 115 1000000 3964 4597 7 20 29 77
4 4 2 2 1 0 2 1 2 3 4
703 687 125 343 321 68 78 38 8 2 66
36598 39593 9 164 1449 27518 12034 65 2 51 34
39491 39608 20414 20014 3 22564 17425 7 17 95 40
39078 39880 20882 20735 3 22243 24336 53 36 6 40
1163 9027 94 86 1000000 1054 6993 92 90 59 19
38850 37146 6 132 1443 28733 35729 1 38 55 58
9883 7515 100 76 1000000 9567 1921 35 86 77 52
37637 35252 131 4 1326 1844 2265 72 38 3 79
6503 8478 146 197 1000000 332 8138 33 8 90 43
6 10 3 2 2 0 0 5 4 3 2
4 4 1 1 3 1 1 2 2 2 2
36478 39536 170 1 1442 22516 31242 4 70 37 6
8497 2343 94 193 1000000 5999 1852 70 15 92 16